00001522_000.png 0 0 0 0 0 0 0 0 0 0 0 0 0 0
00023313_000.png 1 0 0 0 0 0 0 0 0 0 0 0 0 0
00023313_001.png 0 0 0 0 0 0 0 0 0 0 0 0 0 0
00023313_002.png 0 0 1 0 0 0 0 1 0 0 1 0 0 0
00023313_003.png 0 0 0 1 0 0 0 0 0 0 0 0 0 0
00023313_004.png 1 0 1 0 0 0 0 0 0 0 0 0 0 0
00023313_005.png 0 0 0 0 0 0 0 0 0 0 0 0 0 0
00023313_006.png 0 0 0 0 0 1 0 1 0 0 1 0 1 0
00023313_007.png 0 0 0 0 0 0 0 1 0 0 0 0 0 0
00023313_008.png 0 0 1 0 1 0 0 0 0 0 0 0 0 0
00023313_009.png 0 0 0 0 0 0 0 1 0 0 0 0 0 0
00023313_010.png 0 0 0 0 0 1 0 1 0 0 0 0 1 0
00027736_000.png 1 0 1 0 0 0 0 0 0 0 0 0 0 0
00027736_001.png 0 0 0 0 0 0 0 0 0 0 0 0 0 0
00027736_002.png 0 0 0 0 0 0 0 0 0 0 0 0 0 0
00027736_003.png 0 0 0 0 0 0 0 0 0 0 0 0 0 0
00027736_004.png 0 0 0 0 0 0 0 0 0 0 0 0 0 0
00027736_005.png 0 0 0 0 0 0 0 0 0 0 0 0 0 0
00027736_006.png 0 0 0 1 0 0 0 0 0 0 0 0 0 0
00027736_007.png 0 0 0 0 0 0 0 0 0 0 0 0 0 0
00008411_000.png 0 0 0 0 0 0 0 0 0 0 0 0 0 0
00008411_001.png 0 0 0 0 0 0 0 0 0 0 0 0 0 0