00001522_000.png 0 0 0 0 0 0 0 0 0 0 0 0 0 0
00023313_000.png 1 0 0 0 0 0 0 0 0 0 0 0 0 0
00023313_001.png 0 0 0 0 0 0 0 0 0 0 0 0 0 0
00023313_002.png 0 0 1 0 0 0 0 1 0 0 1 0 0 0
00023313_003.png 0 0 0 1 0 0 0 0 0 0 0 0 0 0
00023313_004.png 1 0 1 0 0 0 0 0 0 0 0 0 0 0
00023313_005.png 0 0 0 0 0 0 0 0 0 0 0 0 0 0
00023313_006.png 0 0 0 0 0 1 0 1 0 0 1 0 1 0
00023313_007.png 0 0 0 0 0 0 0 1 0 0 0 0 0 0
00023313_008.png 0 0 1 0 1 0 0 0 0 0 0 0 0 0
00023313_009.png 0 0 0 0 0 0 0 1 0 0 0 0 0 0
00023313_010.png 0 0 0 0 0 1 0 1 0 0 0 0 1 0
00027736_000.png 1 0 1 0 0 0 0 0 0 0 0 0 0 0
00027736_001.png 0 0 0 0 0 0 0 0 0 0 0 0 0 0
00027736_002.png 0 0 0 0 0 0 0 0 0 0 0 0 0 0
00027736_003.png 0 0 0 0 0 0 0 0 0 0 0 0 0 0
00027736_004.png 0 0 0 0 0 0 0 0 0 0 0 0 0 0
00027736_005.png 0 0 0 0 0 0 0 0 0 0 0 0 0 0
00027736_006.png 0 0 0 1 0 0 0 0 0 0 0 0 0 0
00027736_007.png 0 0 0 0 0 0 0 0 0 0 0 0 0 0
00008411_000.png 0 0 0 0 0 0 0 0 0 0 0 0 0 0
00008411_001.png 0 0 0 0 0 0 0 0 0 0 0 0 0 0
00008411_002.png 0 0 0 0 0 0 0 0 0 0 0 0 0 0
00008411_003.png 0 0 0 0 0 0 0 0 0 0 0 0 0 0
00008411_004.png 0 0 0 0 0 0 0 0 0 0 0 0 0 0
00008411_005.png 0 0 0 0 0 0 0 0 0 0 0 0 0 0
00018869_000.png 0 0 0 0 0 0 0 0 0 0 0 0 0 0
00006838_000.png 0 0 0 0 0 0 0 0 0 0 0 0 0 0
00005794_000.png 0 0 0 0 1 0 0 0 0 0 0 0 0 0
00005794_001.png 0 0 0 0 0 0 0 0 0 0 0 0 0 0
00005794_002.png 0 0 0 0 1 0 0 0 0 0 0 0 0 0
00005794_003.png 0 0 0 0 0 0 0 0 0 0 0 0 0 0
00005794_004.png 0 0 0 0 0 0 0 0 0 0 0 0 0 0
00005794_005.png 0 0 0 0 0 0 0 0 0 0 0 0 0 0
00005794_006.png 0 0 0 0 0 0 0 0 0 0 0 0 0 0
00005794_007.png 0 0 0 0 0 0 0 0 0 0 0 0 0 0
00005794_008.png 0 0 0 0 0 0 0 0 0 0 0 0 0 0
00005794_009.png 0 0 0 0 0 0 0 0 0 0 0 0 0 0
00005794_010.png 1 0 0 0 0 1 0 0 0 1 1 0 0 0
00005644_000.png 0 0 1 0 0 0 0 0 0 0 0 0 1 0
00008967_000.png 0 0 0 0 0 0 0 0 0 0 0 0 0 0
00008967_001.png 0 0 0 0 0 0 0 0 0 0 0 0 0 0
00000564_000.png 0 0 0 0 0 0 0 0 0 0 0 0 0 0
00014602_000.png 0 0 0 0 0 0 0 1 0 0 0 0 0 0
00014602_001.png 0 0 0 0 0 0 0 0 0 0 0 0 0 0
00005574_000.png 0 0 0 0 0 0 0 0 0 0 0 0 0 0
00005574_001.png 0 0 0 1 0 0 0 0 0 0 0 0 0 0
00005574_002.png 0 0 0 1 0 0 0 0 0 0 0 0 0 0
00024009_000.png 0 0 0 0 0 0 0 0 0 0 0 0 0 0
00012413_000.png 0 0 0 0 1 0 0 0 0 0 0 1 0 0
00012413_001.png 0 0 0 0 0 0 0 0 0 0 0 0 0 0
00012413_002.png 1 0 0 0 0 1 0 0 0 0 0 0 0 0
00012413_003.png 0 0 0 0 0 0 0 0 0 0 0 0 0 0
00012413_004.png 0 0 0 0 0 0 0 0 1 0 0 0 0 0
00012413_005.png 0 0 0 0 0 0 0 0 0 0 0 0 0 0
00012413_006.png 0 0 0 0 0 0 0 0 0 0 0 0 0 0
00012413_007.png 0 0 0 0 1 0 0 0 0 0 0 0 0 0
00012413_008.png 0 0 0 0 0 0 0 0 0 0 0 1 0 0
00012413_009.png 0 0 0 1 1 0 1 0 0 0 0 0 0 0
00012413_010.png 0 0 0 1 0 1 0 0 0 0 0 0 0 0
00012413_011.png 0 0 1 1 0 1 0 0 0 0 0 0 0 0
00012413_012.png 0 0 0 1 1 1 0 0 0 0 0 0 0 0
00012413_013.png 0 0 0 1 1 1 0 0 0 0 0 0 0 0
00012413_014.png 0 0 1 1 0 1 0 0 0 0 0 0 0 0
00012413_015.png 0 0 1 1 0 1 0 0 0 0 0 0 0 0
00012413_016.png 0 0 1 1 0 1 0 0 0 0 0 0 0 0
00012413_017.png 0 0 1 1 0 1 0 0 0 0 0 0 0 0
00012413_018.png 0 0 1 0 1 0 0 0 0 0 0 1 0 0
00012413_019.png 0 0 1 1 0 0 0 0 0 0 0 1 0 0
00012413_020.png 1 0 0 0 1 0 0 0 1 0 0 0 0 0
00012413_021.png 0 0 0 0 1 0 0 0 0 0 0 0 0 0
00016909_000.png 0 0 0 0 0 0 0 0 0 0 0 0 0 0
00012231_000.png 0 0 0 0 0 0 0 0 0 0 0 0 0 0
00008789_000.png 0 0 0 0 0 0 0 0 0 0 0 0 0 0
00008789_001.png 0 0 0 0 0 0 0 0 0 0 0 0 0 0
00018530_000.png 0 0 0 1 0 0 0 0 0 0 0 0 0 0
00018530_001.png 0 0 0 0 0 0 0 0 0 0 0 0 0 0
00018530_002.png 0 0 0 0 0 0 0 0 0 0 0 0 0 0
00018530_003.png 0 0 0 1 0 0 0 0 0 1 0 0 0 0
00018530_004.png 0 0 0 1 0 0 0 0 0 0 0 0 0 0
00018530_005.png 0 0 0 1 0 0 0 0 0 1 0 0 0 0
00018530_006.png 0 0 0 0 0 0 0 0 0 0 0 0 0 0
00018530_007.png 0 0 0 1 0 0 0 0 0 0 0 0 0 0
00018530_008.png 0 0 0 1 0 0 0 0 0 0 0 0 0 0
00018530_009.png 0 1 0 1 0 0 0 0 0 0 0 0 0 0
00018530_010.png 0 0 0 1 0 1 0 0 0 0 0 0 0 0
00006986_000.png 0 0 0 0 1 0 0 0 0 0 0 0 0 0
00011465_000.png 0 0 0 0 0 0 0 0 0 0 0 0 0 0
00022248_000.png 0 0 0 0 0 0 0 0 0 0 0 0 0 0
00022248_001.png 0 0 0 0 0 0 0 0 0 0 0 0 0 0
00022248_002.png 0 0 0 0 0 0 0 0 0 0 0 0 0 0
00022248_003.png 0 0 0 0 0 0 0 0 0 0 0 0 0 0
00022248_004.png 0 0 0 0 0 0 0 1 0 0 0 0 0 0
00022248_005.png 0 0 0 0 0 0 0 0 0 0 0 0 0 0
00022248_006.png 0 0 0 0 0 0 0 0 0 0 0 0 0 0
00022248_007.png 0 0 0 0 0 0 0 0 0 0 0 0 0 0
00022248_008.png 0 0 0 0 0 0 0 0 0 0 0 0 0 0
00030748_000.png 0 0 0 0 0 0 0 0 0 0 0 0 0 0
00000067_000.png 0 0 0 0 0 0 0 0 0 0 0 1 0 0
00000067_001.png 1 0 0 0 0 0 0 0 0 0 0 0 0 0